 -9.7099014e-001  4.2942495e-001 -1.0000000e+000
 -6.3199703e-001  2.5195285e-001 -1.0000000e+000
 -7.7360576e-001  6.9075078e-001 -1.0000000e+000
 -6.0621152e-001  1.7567796e-001 -1.0000000e+000
 -5.3940901e-001  3.7674424e-001 -1.0000000e+000
 -9.6032585e-001  1.1004071e-001 -1.0000000e+000
 -1.0413756e+000  3.2850809e-001 -1.0000000e+000
 -8.2260054e-001  1.7587420e-001 -1.0000000e+000
 -9.4371477e-001 -1.8063331e-001 -1.0000000e+000
 -9.6876330e-001  2.9607022e-001 -1.0000000e+000
 -8.5363798e-001  6.4401056e-001 -1.0000000e+000
 -7.7199493e-001  4.7634477e-001 -1.0000000e+000
 -7.1895271e-001  9.0457675e-002 -1.0000000e+000
 -5.3952070e-001  4.4783786e-001 -1.0000000e+000
 -5.4009345e-001  5.5106722e-001 -1.0000000e+000
 -7.9292319e-001  5.3123589e-001 -1.0000000e+000
 -8.6147285e-001  2.8735265e-001 -1.0000000e+000
 -4.7013157e-001  5.4425126e-001 -1.0000000e+000
 -7.7068378e-001  4.8273305e-001 -1.0000000e+000
 -8.0303123e-001  2.2863204e-001 -1.0000000e+000
 -9.6252076e-001  3.6775988e-001 -1.0000000e+000
 -6.8196049e-001  4.9535498e-001 -1.0000000e+000
 -4.3300784e-001  2.1364564e-001 -1.0000000e+000
 -3.3683164e-001  2.9361487e-001 -1.0000000e+000
 -6.9642531e-001  3.1519450e-001 -1.0000000e+000
 -3.5576689e-001  2.6979455e-001 -1.0000000e+000
 -5.4789814e-001  2.7705471e-001 -1.0000000e+000
 -7.9966389e-001  2.9293117e-001 -1.0000000e+000
 -7.8001240e-001  3.8437662e-002 -1.0000000e+000
 -8.5393836e-001  1.9842360e-001 -1.0000000e+000
 -8.9629545e-001  2.8691647e-001 -1.0000000e+000
 -8.2402827e-001  2.9523186e-001 -1.0000000e+000
 -9.0107555e-001  3.2101837e-001 -1.0000000e+000
 -5.5671872e-001  3.5814525e-001 -1.0000000e+000
 -8.7100465e-001  2.5899268e-001 -1.0000000e+000
 -8.0082046e-001  3.6312320e-001 -1.0000000e+000
 -6.9900324e-001  4.1705009e-001 -1.0000000e+000
 -7.5940925e-001  3.6615605e-001 -1.0000000e+000
 -7.7526809e-001  3.0671668e-001 -1.0000000e+000
 -8.9357695e-001 -9.6908084e-002 -1.0000000e+000
 -2.8485719e-001  3.0732140e-001 -1.0000000e+000
 -6.6557175e-001  3.6582051e-001 -1.0000000e+000
 -7.4137439e-001  2.9849815e-001 -1.0000000e+000
 -7.6773305e-001  2.4581116e-001 -1.0000000e+000
 -7.7930634e-001  3.1909299e-001 -1.0000000e+000
 -8.9219095e-001  2.0145990e-001 -1.0000000e+000
 -1.2281163e-001  5.1649711e-001 -1.0000000e+000
 -7.3173065e-001  5.5992550e-002 -1.0000000e+000
 -1.0119764e+000  3.4469208e-001 -1.0000000e+000
 -5.7376220e-001  5.9676643e-002 -1.0000000e+000
 -6.4142528e-001  3.3373056e-001 -1.0000000e+000
 -9.8590218e-001  1.6202100e-001 -1.0000000e+000
 -6.6114051e-001  1.3684040e-001 -1.0000000e+000
 -7.4921849e-001  1.8514853e-001 -1.0000000e+000
 -5.4032955e-001  3.8739662e-001 -1.0000000e+000
 -5.9209286e-001  4.4751030e-001 -1.0000000e+000
 -8.6007736e-001  2.1891775e-001 -1.0000000e+000
 -8.6751689e-001 -1.3749168e-001 -1.0000000e+000
 -5.9005569e-001  4.6600478e-001 -1.0000000e+000
 -7.7596632e-001  4.0339974e-001 -1.0000000e+000
 -8.4968749e-001  3.1546659e-001 -1.0000000e+000
 -7.4628304e-001  2.5624251e-001 -1.0000000e+000
 -7.0085493e-001  5.1836142e-001 -1.0000000e+000
 -9.2368044e-001  4.4945326e-001 -1.0000000e+000
 -9.1209299e-001  4.0798014e-001 -1.0000000e+000
 -6.5076571e-001  4.1220055e-001 -1.0000000e+000
 -9.8033011e-001  2.9928195e-001 -1.0000000e+000
 -7.4440894e-001  2.0308709e-001 -1.0000000e+000
 -6.0417067e-001  3.2615692e-001 -1.0000000e+000
 -7.3590300e-001  6.5528814e-001 -1.0000000e+000
 -6.4360762e-001  5.1381901e-001 -1.0000000e+000
 -9.6337699e-001  2.4900084e-001 -1.0000000e+000
 -4.2698073e-001  2.8217815e-001 -1.0000000e+000
 -6.5476282e-001  5.6218110e-001 -1.0000000e+000
 -8.4349178e-001  3.4542152e-001 -1.0000000e+000
 -5.5396801e-001  5.3896035e-001 -1.0000000e+000
 -7.1694645e-001  1.2210205e-001 -1.0000000e+000
 -7.7532879e-001  4.9889227e-001 -1.0000000e+000
 -6.4028982e-001  4.3576249e-001 -1.0000000e+000
 -5.1687886e-001  1.8233711e-001 -1.0000000e+000
 -9.5212537e-001  2.9828051e-001 -1.0000000e+000
 -7.2301751e-001  2.5618294e-001 -1.0000000e+000
 -6.5880524e-001  2.6914749e-001 -1.0000000e+000
 -4.6455277e-001  2.1832432e-001 -1.0000000e+000
 -5.6451722e-001  1.9651150e-001 -1.0000000e+000
 -8.1409696e-001  2.2830407e-001 -1.0000000e+000
 -3.9618414e-001  5.1176554e-001 -1.0000000e+000
 -9.9663700e-001  2.0922303e-001 -1.0000000e+000
 -8.1595099e-001  2.3596682e-001 -1.0000000e+000
 -5.2662659e-001  4.1868732e-001 -1.0000000e+000
 -6.6776400e-001  4.2883380e-001 -1.0000000e+000
 -6.5889818e-001  3.1828081e-002 -1.0000000e+000
 -9.2393595e-001  5.3025414e-001 -1.0000000e+000
 -9.0997379e-001  4.5178509e-001 -1.0000000e+000
 -4.1055123e-001  2.5215964e-001 -1.0000000e+000
 -4.6206444e-001  2.3067381e-001 -1.0000000e+000
 -3.6614692e-001 -3.6140226e-002 -1.0000000e+000
 -5.9586137e-001  4.0028854e-001 -1.0000000e+000
 -7.0439210e-001  2.3898433e-001 -1.0000000e+000
 -8.4122577e-001  5.7709575e-001 -1.0000000e+000
 -9.6982893e-001  1.5536019e-001 -1.0000000e+000
 -5.5703726e-001  3.1419039e-001 -1.0000000e+000
 -6.7110421e-001  3.6176704e-001 -1.0000000e+000
 -5.0328645e-001  5.6641741e-001 -1.0000000e+000
 -9.5032586e-001  7.8493347e-002 -1.0000000e+000
 -6.7581312e-001  3.1930825e-001 -1.0000000e+000
 -8.3156197e-001  1.4358166e-001 -1.0000000e+000
 -4.3507409e-001  4.9285589e-001 -1.0000000e+000
 -7.9302103e-001  1.1814092e-001 -1.0000000e+000
 -8.4862759e-001  8.2762982e-002 -1.0000000e+000
 -8.2026980e-001  3.9571426e-001 -1.0000000e+000
 -4.2209273e-001  4.7776071e-001 -1.0000000e+000
 -4.0867622e-001  3.7491825e-001 -1.0000000e+000
 -5.4695384e-001  4.7374826e-001 -1.0000000e+000
 -7.3544413e-001  2.6613877e-001 -1.0000000e+000
 -5.8220547e-001  2.7199119e-001 -1.0000000e+000
 -3.3834663e-001  2.4242686e-001 -1.0000000e+000
 -5.3504556e-001  1.1804365e-001 -1.0000000e+000
 -4.9374352e-001  7.1785630e-001 -1.0000000e+000
 -7.6093270e-001  4.1624553e-001 -1.0000000e+000
 -5.1567744e-001  1.8424272e-001 -1.0000000e+000
 -6.7350459e-001  2.9623948e-001 -1.0000000e+000
 -4.5970570e-001  1.8693128e-001 -1.0000000e+000
 -6.9488131e-001  3.8184098e-001 -1.0000000e+000
 -3.8744755e-001  8.0890693e-002 -1.0000000e+000
 -5.9603613e-001  1.8497483e-001 -1.0000000e+000
 -6.6437254e-001  4.2394086e-001 -1.0000000e+000
 -8.8374264e-001  6.1494308e-001 -1.0000000e+000
 -5.0934493e-001  2.9003364e-001 -1.0000000e+000
 -9.2512488e-001  6.0474815e-001 -1.0000000e+000
 -8.4100787e-001  2.9032710e-001 -1.0000000e+000
 -8.9412014e-001  1.5716995e-001 -1.0000000e+000
 -6.4657323e-001  6.0944775e-001 -1.0000000e+000
 -1.0178731e+000  1.4872130e-001 -1.0000000e+000
 -5.8252875e-001  1.8494056e-001 -1.0000000e+000
 -8.9732920e-001  5.3209174e-001 -1.0000000e+000
 -4.6501686e-001  2.8552023e-001 -1.0000000e+000
 -7.2650868e-001  1.8186721e-001 -1.0000000e+000
 -5.1435297e-001  1.5696103e-001 -1.0000000e+000
 -7.3924601e-001  4.0884525e-001 -1.0000000e+000
 -5.3704932e-001  3.0741718e-001 -1.0000000e+000
 -9.2340783e-001  4.9224975e-001 -1.0000000e+000
 -6.6321718e-001  2.4127572e-001 -1.0000000e+000
 -8.7190082e-001  1.9178670e-001 -1.0000000e+000
 -5.7476470e-001  2.1669999e-001 -1.0000000e+000
 -7.7872338e-001  4.1712742e-001 -1.0000000e+000
 -7.1749143e-001  1.6991178e-001 -1.0000000e+000
 -2.9398519e-001  3.4169271e-001 -1.0000000e+000
 -7.3218304e-001  6.1167318e-001 -1.0000000e+000
 -6.7245166e-001  2.9033039e-001 -1.0000000e+000
 -3.9290601e-001  3.1450790e-001 -1.0000000e+000
 -8.2149656e-001  3.8350247e-001 -1.0000000e+000
 -4.4164984e-001  1.3155299e-001 -1.0000000e+000
 -7.3414943e-001  1.3836673e-001 -1.0000000e+000
 -3.5346732e-001  4.0372599e-001 -1.0000000e+000
 -7.5672929e-001  1.4092661e-001 -1.0000000e+000
 -9.8527186e-001  3.0705113e-001 -1.0000000e+000
 -7.3436275e-001  1.3191565e-001 -1.0000000e+000
 -8.4381445e-001  5.0879786e-001 -1.0000000e+000
 -8.7147099e-001  4.0953447e-001 -1.0000000e+000
 -6.4377404e-001  3.8607258e-001 -1.0000000e+000
 -6.1765900e-001  6.7340392e-002 -1.0000000e+000
 -2.8206865e-001  6.9392314e-001 -1.0000000e+000
 -4.0255537e-001  2.0438566e-001 -1.0000000e+000
 -4.5858397e-001  4.2073938e-001 -1.0000000e+000
 -8.4629698e-001  2.7715249e-001 -1.0000000e+000
 -1.0485423e+000  3.3882275e-001 -1.0000000e+000
 -7.9979531e-001  3.0943076e-001 -1.0000000e+000
 -8.5204055e-001  3.0728161e-001 -1.0000000e+000
 -6.1647468e-001  2.5295251e-001 -1.0000000e+000
 -6.9169035e-001  2.7275041e-001 -1.0000000e+000
 -8.0914220e-001  4.4190158e-001 -1.0000000e+000
 -8.3713972e-001  2.6917193e-001 -1.0000000e+000
 -7.4352025e-001  2.4741760e-001 -1.0000000e+000
 -6.6065023e-001 -2.8489077e-002 -1.0000000e+000
 -5.9481584e-001  1.0916468e-001 -1.0000000e+000
 -5.9712803e-001 -3.7465241e-002 -1.0000000e+000
 -9.2142026e-001 -6.9844290e-002 -1.0000000e+000
 -8.7756691e-001  3.0429706e-001 -1.0000000e+000
 -7.6537177e-001  5.9697442e-001 -1.0000000e+000
 -6.9984055e-001  1.6712677e-001 -1.0000000e+000
 -5.2343483e-001 -6.4742897e-002 -1.0000000e+000
 -6.5638774e-001  1.2460495e-002 -1.0000000e+000
 -1.0369676e+000  1.4145081e-001 -1.0000000e+000
 -7.1516519e-001  2.1723984e-001 -1.0000000e+000
 -7.4785813e-001  5.6999481e-001 -1.0000000e+000
 -6.2568454e-001  3.2012245e-001 -1.0000000e+000
 -7.5669992e-001  1.7451862e-001 -1.0000000e+000
 -6.7969067e-001  4.3841086e-001 -1.0000000e+000
 -6.1200420e-001 -1.3426983e-001 -1.0000000e+000
 -6.4790679e-001  2.3963856e-001 -1.0000000e+000
 -6.9106641e-001  2.5563531e-001 -1.0000000e+000
 -6.7511276e-001  5.5016956e-001 -1.0000000e+000
 -8.5107279e-001  4.7495594e-001 -1.0000000e+000
 -8.3705148e-001  4.0805051e-001 -1.0000000e+000
 -9.6140583e-001  5.8820792e-001 -1.0000000e+000
 -6.4277472e-001  1.6348730e-001 -1.0000000e+000
 -8.9207571e-001  6.4132978e-002 -1.0000000e+000
 -9.2779878e-001  7.2240031e-002 -1.0000000e+000
 -7.5180073e-001  4.0925857e-001 -1.0000000e+000
 -8.0534103e-001  6.4157327e-002 -1.0000000e+000
 -6.9283823e-001  1.7171516e-001 -1.0000000e+000
 -7.0394393e-001  4.7673018e-001 -1.0000000e+000
 -6.9480410e-001  2.6865540e-001 -1.0000000e+000
 -5.6775880e-001  2.0711664e-001 -1.0000000e+000
 -8.2238000e-001  2.6840404e-001 -1.0000000e+000
 -5.6508254e-001  3.2701550e-001 -1.0000000e+000
 -7.2418170e-001  6.2576380e-001 -1.0000000e+000
 -9.1635751e-001  2.3612500e-001 -1.0000000e+000
 -4.3018255e-001  2.6803375e-001 -1.0000000e+000
 -6.3264574e-001  5.2238276e-001 -1.0000000e+000
 -8.5097286e-001  3.4516894e-001 -1.0000000e+000
 -6.0969102e-001  5.0187219e-001 -1.0000000e+000
 -7.0566102e-001  2.2069498e-001 -1.0000000e+000
 -6.9316187e-001  1.0024440e-001 -1.0000000e+000
 -6.3392264e-001  3.9070106e-001 -1.0000000e+000
 -7.1040677e-001  1.5180240e-002 -1.0000000e+000
 -1.0550520e+000  5.1783314e-001 -1.0000000e+000
 -6.2127606e-001  1.6738260e-001 -1.0000000e+000
 -6.1342325e-001  2.6613495e-001 -1.0000000e+000
 -9.8956538e-001  1.6669358e-001 -1.0000000e+000
 -9.2358038e-001  4.1260650e-001 -1.0000000e+000
 -8.8958110e-001  4.2676065e-001 -1.0000000e+000
 -9.3004039e-001  2.4053382e-001 -1.0000000e+000
 -6.9142136e-001  6.3395570e-003 -1.0000000e+000
 -1.0314123e+000  4.8227765e-001 -1.0000000e+000
 -7.0139489e-001  4.6235601e-001 -1.0000000e+000
 -6.2772118e-001  2.4381311e-001 -1.0000000e+000
 -8.2938033e-001  4.8786726e-001 -1.0000000e+000
 -6.1220085e-001  1.2171506e-001 -1.0000000e+000
 -5.2813963e-001  4.4996254e-001 -1.0000000e+000
 -6.1667447e-001  5.8254182e-002 -1.0000000e+000
 -6.4920284e-001  2.6390987e-001 -1.0000000e+000
 -6.5538430e-001  2.2579356e-001 -1.0000000e+000
 -7.5008524e-001  1.1954524e-001 -1.0000000e+000
 -4.7192063e-001  2.7883097e-001 -1.0000000e+000
 -2.1990591e-001  3.1505297e-001 -1.0000000e+000
 -8.7170126e-001  2.4057013e-001 -1.0000000e+000
 -7.3019798e-001  2.9550478e-001 -1.0000000e+000
 -6.2067622e-001  4.6383576e-002 -1.0000000e+000
 -6.5783069e-001  2.6589976e-001 -1.0000000e+000
 -4.7535212e-001  2.7985095e-001 -1.0000000e+000
 -7.3479464e-001  3.6523562e-001 -1.0000000e+000
 -7.7267364e-001  3.5547772e-001 -1.0000000e+000
 -6.2071047e-001  7.7079663e-001 -1.0000000e+000
 -5.2962641e-001  9.1067609e-002 -1.0000000e+000
 -7.3084648e-001  6.4280336e-001 -1.0000000e+000
 -9.3869449e-001  3.2427507e-001 -1.0000000e+000
 -7.2370635e-001 -1.7999841e-002 -1.0000000e+000
 -9.7956910e-001 -3.0343760e-003 -1.0000000e+000
  4.4875439e-001  1.5050386e-002 -1.0000000e+000
 -7.7907282e-002  2.4584205e-001 -1.0000000e+000
  3.1678663e-001  2.5291782e-001 -1.0000000e+000
  2.2959705e-001  6.7681573e-002 -1.0000000e+000
  1.9794938e-001  3.1000389e-001 -1.0000000e+000
  4.8404642e-002 -3.7865268e-002 -1.0000000e+000
  2.7060100e-001  2.6019917e-001 -1.0000000e+000
  5.1619204e-001  2.5825626e-001 -1.0000000e+000
  1.5471899e-001  4.0306842e-002 -1.0000000e+000
 -5.6112760e-003  2.2365850e-001 -1.0000000e+000
  3.6507631e-001 -1.9566410e-003 -1.0000000e+000
  8.6615547e-002  1.3848281e-001 -1.0000000e+000
  1.9864589e-001  4.7611642e-002 -1.0000000e+000
  1.3187066e-001  4.0225536e-001 -1.0000000e+000
  5.8589477e-001  4.3320316e-001 -1.0000000e+000
 -2.3498655e-002  3.7991994e-001 -1.0000000e+000
  3.9417406e-001  5.3393688e-001 -1.0000000e+000
  5.9598377e-001  6.8051695e-001 -1.0000000e+000
  3.8841973e-001  3.2193161e-001 -1.0000000e+000
  2.7045226e-001  3.6030957e-001 -1.0000000e+000
  3.3690989e-001  1.7626291e-001 -1.0000000e+000
  4.8143223e-001  3.2602772e-001 -1.0000000e+000
  2.4686524e-001  5.3270040e-001 -1.0000000e+000
 -2.0439631e-002  1.3215512e-001 -1.0000000e+000
  3.8994142e-001  3.0922334e-001 -1.0000000e+000
  4.8115168e-002  1.0476331e-001 -1.0000000e+000
  2.8481633e-001 -4.8775617e-002 -1.0000000e+000
  5.2916691e-001  2.8531480e-001 -1.0000000e+000
  3.4920843e-001  6.3167392e-002 -1.0000000e+000
  3.2388826e-001  1.9235846e-001 -1.0000000e+000
  3.2121398e-001  1.0119008e-001 -1.0000000e+000
  3.0336595e-001  2.8668936e-001 -1.0000000e+000
 -7.5979803e-002  3.1219613e-001 -1.0000000e+000
  3.1789406e-001  1.1057856e-001 -1.0000000e+000
  1.3614527e-001  2.2350976e-001 -1.0000000e+000
  8.6777443e-002  3.9731617e-001 -1.0000000e+000
  3.3055530e-001 -1.8831347e-002 -1.0000000e+000
  2.0226048e-001  2.1206164e-001 -1.0000000e+000
  2.7670444e-001  5.4179242e-001 -1.0000000e+000
  2.4481459e-001 -3.3434890e-002 -1.0000000e+000
  4.2904378e-001  1.8396749e-001 -1.0000000e+000
  3.4041279e-001  2.3747421e-001 -1.0000000e+000
  3.8206402e-001  1.2329530e-001 -1.0000000e+000
  3.8183324e-001  8.5809636e-002 -1.0000000e+000
  4.2441786e-001  3.2195458e-001 -1.0000000e+000
  2.0630631e-001  3.4895786e-001 -1.0000000e+000
  9.1614953e-002  3.0913210e-001 -1.0000000e+000
  6.2759769e-001  4.7218875e-001 -1.0000000e+000
  2.7024472e-001  3.6193645e-001 -1.0000000e+000
  1.2792840e-001  3.6823819e-001 -1.0000000e+000
  3.9919289e-001  1.2005082e-001 -1.0000000e+000
  4.5061812e-001  4.5232863e-001 -1.0000000e+000
  2.5490038e-001  4.1022002e-001 -1.0000000e+000
  2.5952339e-001  1.2442749e-001 -1.0000000e+000
  4.1700469e-001  3.0080590e-001 -1.0000000e+000
  3.4658134e-001  2.8347947e-001 -1.0000000e+000
  7.4885461e-001  2.4681279e-001 -1.0000000e+000
  4.2853007e-001  6.3626030e-001 -1.0000000e+000
  1.2736950e-001  3.2173205e-001 -1.0000000e+000
  5.2872246e-001  2.2707584e-001 -1.0000000e+000
  6.1816822e-001  3.2730928e-001 -1.0000000e+000
  2.8602947e-001  2.1564345e-001 -1.0000000e+000
  1.4257846e-001  1.1295583e-001 -1.0000000e+000
  2.8276491e-001  9.1628143e-002 -1.0000000e+000
  7.8822001e-001  4.6454515e-001 -1.0000000e+000
  1.1916522e-001  2.3956789e-001 -1.0000000e+000
  2.4477294e-001  1.4906673e-002 -1.0000000e+000
  1.6044289e-001  4.5525904e-001 -1.0000000e+000
  4.5406730e-001  3.3258288e-001 -1.0000000e+000
 -5.7868287e-002  4.9867558e-001 -1.0000000e+000
 -1.1136531e-001  7.9756044e-002 -1.0000000e+000
  1.9882482e-001  4.7601754e-001 -1.0000000e+000
  5.9546817e-001  1.6212012e-001 -1.0000000e+000
  8.5627364e-002  3.1526203e-001 -1.0000000e+000
  4.6526150e-001  1.2333142e-001 -1.0000000e+000
  3.5967363e-001  3.6450439e-001 -1.0000000e+000
  1.1182209e-001  2.9637016e-001 -1.0000000e+000
  5.0926908e-001  4.6403732e-001 -1.0000000e+000
  4.7088802e-001  2.8555683e-001 -1.0000000e+000
  3.9326291e-001  9.3782124e-002 -1.0000000e+000
  3.1189763e-001  2.8662636e-001 -1.0000000e+000
  1.5159455e-001  2.6841150e-001 -1.0000000e+000
  8.4423498e-002  3.1928240e-001 -1.0000000e+000
  2.0864156e-001  2.3022636e-001 -1.0000000e+000
  3.6123061e-001  5.0686724e-001 -1.0000000e+000
  4.2566800e-001  2.3904925e-001 -1.0000000e+000
  3.9954932e-001  1.3682730e-001 -1.0000000e+000
  2.7961594e-001  3.1040272e-001 -1.0000000e+000
  1.0904991e-001  6.3025543e-001 -1.0000000e+000
  1.0292986e-001  4.4615274e-001 -1.0000000e+000
  5.5108532e-001  3.1398360e-001 -1.0000000e+000
  5.7920116e-001  1.7935377e-001 -1.0000000e+000
  3.5651487e-001  1.7839661e-001 -1.0000000e+000
  2.5986136e-001  9.6917764e-002 -1.0000000e+000
  5.4548053e-001  2.7273057e-001 -1.0000000e+000
  3.9878960e-001  1.4934354e-001 -1.0000000e+000
  3.8344125e-001  2.4329825e-001 -1.0000000e+000
  4.0541530e-001  3.5102413e-001 -1.0000000e+000
  2.4909195e-001  4.2305927e-001 -1.0000000e+000
  2.9353577e-001  1.3396064e-001 -1.0000000e+000
  1.4986921e-001  3.0567508e-001 -1.0000000e+000
  2.2498684e-001  4.6486483e-001 -1.0000000e+000
  2.4082648e-001  2.3397345e-001 -1.0000000e+000
  1.2291755e-001  4.0617937e-001 -1.0000000e+000
  3.0123173e-001  1.7877391e-001 -1.0000000e+000
  2.5769882e-001  5.3731214e-001 -1.0000000e+000
  4.4628876e-001  2.0648337e-001 -1.0000000e+000
  5.1121485e-001  1.5633072e-001 -1.0000000e+000
  4.7467527e-001  4.5421243e-001 -1.0000000e+000
  3.7340233e-001  1.0753182e-001 -1.0000000e+000
  4.5357522e-001  1.3564367e-002 -1.0000000e+000
  3.6370899e-001  3.2420990e-001 -1.0000000e+000
  3.2317240e-001  3.0823442e-001 -1.0000000e+000
  2.6356818e-001  9.7321560e-002 -1.0000000e+000
  3.7598927e-001  5.1112849e-001 -1.0000000e+000
  4.8341682e-001 -2.7606822e-002 -1.0000000e+000
  4.1270897e-001  3.5326016e-001 -1.0000000e+000
  2.9459071e-001  3.3863161e-001 -1.0000000e+000
  1.4842513e-001  3.1399829e-001 -1.0000000e+000
  4.7623661e-001  9.1385170e-003 -1.0000000e+000
  5.1021769e-002  5.1822942e-001 -1.0000000e+000
  4.8802958e-001  4.9220631e-001 -1.0000000e+000
  1.9370312e-001  3.5612744e-001 -1.0000000e+000
  3.9038568e-001  4.0254872e-001 -1.0000000e+000
  1.6651506e-001  7.7486533e-002 -1.0000000e+000
  3.7834600e-001  2.0555413e-001 -1.0000000e+000
  5.9890677e-002  6.1548181e-001 -1.0000000e+000
 -7.7252668e-002  3.2597302e-001 -1.0000000e+000
  5.1932598e-001  3.5290173e-001 -1.0000000e+000
  2.7195542e-001  3.1010063e-002 -1.0000000e+000
  2.7254987e-002  2.8939499e-001 -1.0000000e+000
  4.3743767e-001 -2.7210937e-002 -1.0000000e+000
  2.8370640e-002  1.6630476e-001 -1.0000000e+000
  4.3365708e-001  6.0490928e-001 -1.0000000e+000
  2.8050539e-001  2.2916023e-002 -1.0000000e+000
  3.0073598e-001  1.8802390e-001 -1.0000000e+000
  1.8203157e-001  2.9235474e-001 -1.0000000e+000
  3.1615864e-001  4.2397359e-001 -1.0000000e+000
  5.3060115e-001  2.8710907e-001 -1.0000000e+000
  2.1023756e-001  3.8435743e-001 -1.0000000e+000
  3.9944452e-001  4.9688269e-001 -1.0000000e+000
  2.7211343e-001  4.3726247e-001 -1.0000000e+000
  4.1814631e-001  1.4552166e-001 -1.0000000e+000
  5.0482524e-001  1.5410631e-001 -1.0000000e+000
  1.6697421e-001  1.8064138e-001 -1.0000000e+000
  1.0652736e-001  5.0037059e-001 -1.0000000e+000
  6.0734851e-001  1.8468012e-001 -1.0000000e+000
  5.1784764e-001  3.9685836e-001 -1.0000000e+000
  2.3155365e-001  4.0308664e-001 -1.0000000e+000
  2.5502950e-001  4.3059232e-001 -1.0000000e+000
  2.8751101e-001  2.1941291e-001 -1.0000000e+000
  2.0085211e-001  2.7209750e-001 -1.0000000e+000
  2.2654785e-001  2.4459648e-001 -1.0000000e+000
  1.1878373e-002  3.5280307e-001 -1.0000000e+000
  3.8056991e-001  4.3408949e-001 -1.0000000e+000
  5.1921543e-001  7.2764703e-002 -1.0000000e+000
  6.2385488e-001  3.3898389e-001 -1.0000000e+000
  1.8317346e-001  2.5532240e-001 -1.0000000e+000
  2.2642039e-001  7.5341621e-002 -1.0000000e+000
  4.5535651e-001  3.6795723e-001 -1.0000000e+000
  3.3230138e-001 -1.1058516e-002 -1.0000000e+000
  3.7630602e-001  1.8846077e-001 -1.0000000e+000
  4.2816953e-001  5.4583036e-002 -1.0000000e+000
  1.4582953e-001  3.6825316e-001 -1.0000000e+000
  4.9375754e-001  3.7606367e-001 -1.0000000e+000
  5.2939197e-001  7.4698658e-002 -1.0000000e+000
  4.0982616e-001  2.8032279e-001 -1.0000000e+000
  6.1235475e-001  1.2092666e-001 -1.0000000e+000
  2.2156808e-001  2.7345837e-001 -1.0000000e+000
  4.2754565e-001  1.0620085e-001 -1.0000000e+000
  5.3332561e-001  5.9167114e-001 -1.0000000e+000
  4.6210954e-001  3.5795556e-001 -1.0000000e+000
  1.8236212e-001  2.9852096e-001 -1.0000000e+000
  3.1010779e-001  3.0151025e-001 -1.0000000e+000
  1.5979955e-001  2.5764019e-001 -1.0000000e+000
  2.5428815e-001  3.7430808e-001 -1.0000000e+000
  3.1637408e-001  2.9411804e-002 -1.0000000e+000
  2.8594226e-001  3.3877368e-001 -1.0000000e+000
  5.5254187e-001 -1.6858031e-002 -1.0000000e+000
 -4.0904600e-003  3.9901239e-001 -1.0000000e+000
  6.0484031e-002  2.7759265e-001 -1.0000000e+000
  5.4509774e-001  2.1846134e-001 -1.0000000e+000
  2.6828492e-001  2.6790334e-001 -1.0000000e+000
  1.5902265e-001  5.3138242e-001 -1.0000000e+000
  4.9265821e-001  4.8628605e-001 -1.0000000e+000
 -1.2824025e-001  5.3333393e-001 -1.0000000e+000
  4.4776008e-001  2.8486540e-001 -1.0000000e+000
  2.3937489e-001  4.6238688e-001 -1.0000000e+000
  1.3863489e-001  3.9555027e-001 -1.0000000e+000
  4.1728434e-001  2.0002212e-001 -1.0000000e+000
  1.7830398e-001  3.0672039e-001 -1.0000000e+000
  2.2155264e-001  3.9653490e-001 -1.0000000e+000
 -9.1204090e-003  7.2473882e-001 -1.0000000e+000
  2.9274881e-001  4.1443264e-001 -1.0000000e+000
  3.0056371e-001  2.1432550e-001 -1.0000000e+000
  2.4250681e-001  2.3269029e-001 -1.0000000e+000
  2.3449430e-001  2.4700608e-001 -1.0000000e+000
  3.5255045e-001  3.5158118e-001 -1.0000000e+000
  1.8599438e-001  2.6991489e-001 -1.0000000e+000
  4.0968031e-001  2.1237072e-001 -1.0000000e+000
  1.6391995e-001  2.6130185e-002 -1.0000000e+000
  1.6975619e-001  1.0435889e-001 -1.0000000e+000
  3.5439894e-001  2.2752405e-001 -1.0000000e+000
  3.8887006e-001  4.2378087e-002 -1.0000000e+000
  3.4478849e-001  2.4605380e-001 -1.0000000e+000
  1.9314522e-001  2.7135279e-001 -1.0000000e+000
  4.3080016e-001  2.6319377e-001 -1.0000000e+000
  2.3280859e-001  4.4551671e-001 -1.0000000e+000
  3.2605932e-001  5.6388686e-001 -1.0000000e+000
  3.3083709e-001  2.5604015e-001 -1.0000000e+000
  3.2369122e-001  3.5687292e-001 -1.0000000e+000
  3.6773709e-001 -8.8857683e-002 -1.0000000e+000
  5.3075056e-001  3.2738996e-001 -1.0000000e+000
  8.9596372e-002  3.3842391e-001 -1.0000000e+000
  4.3219298e-001  3.9426149e-001 -1.0000000e+000
  1.8669405e-001  4.3818711e-001 -1.0000000e+000
  4.5827514e-001  3.2464763e-001 -1.0000000e+000
  4.8007807e-001  3.7481049e-001 -1.0000000e+000
  5.8275838e-001  3.9043370e-001 -1.0000000e+000
  4.3780807e-001  3.8926556e-001 -1.0000000e+000
  2.0883094e-001  1.0096493e-002 -1.0000000e+000
  3.7779747e-001  4.7457208e-001 -1.0000000e+000
  1.8380308e-001 -9.0083970e-002 -1.0000000e+000
  1.5568255e-001  5.3756313e-001 -1.0000000e+000
  7.1926861e-002  5.7278308e-001 -1.0000000e+000
  3.6443562e-001 -1.2384171e-001 -1.0000000e+000
  4.0821399e-001  2.5448307e-001 -1.0000000e+000
  4.6607396e-001  3.9861825e-001 -1.0000000e+000
  6.1428174e-001  2.8330217e-001 -1.0000000e+000
 -4.7151673e-002  2.1457945e-001 -1.0000000e+000
  3.2691715e-001  4.6806639e-001 -1.0000000e+000
  4.5884058e-001  4.4347008e-001 -1.0000000e+000
  1.0953793e-001  1.8950591e-001 -1.0000000e+000
  1.6189589e-001  1.2370508e-001 -1.0000000e+000
  4.5005541e-001  5.0151884e-001 -1.0000000e+000
  3.6886948e-001  5.5719053e-001 -1.0000000e+000
  3.3420912e-001  4.1396049e-001 -1.0000000e+000
 -3.1121068e-002  2.2801446e-001 -1.0000000e+000
  1.7675385e-001  4.3019999e-001 -1.0000000e+000
  5.5252779e-001  2.2490251e-001 -1.0000000e+000
  3.0426641e-001  2.2028721e-001 -1.0000000e+000
  2.1046265e-001  4.1533668e-001 -1.0000000e+000
  6.3953710e-002  4.5543235e-002 -1.0000000e+000
 -6.3149684e-002  3.5138913e-001 -1.0000000e+000
  7.3535710e-002  2.5214353e-001 -1.0000000e+000
  6.6545370e-001  2.0372009e-001 -1.0000000e+000
  5.3964276e-001  2.7998674e-001 -1.0000000e+000
  2.5098159e-001  6.9569958e-002 -1.0000000e+000
  3.9267989e-001  9.0261998e-002 -1.0000000e+000
  4.3140922e-001  2.8845638e-001 -1.0000000e+000
 -5.1645183e-001  5.0125611e-001  1.0000000e+000
 -1.1677529e-001  4.8340477e-001  1.0000000e+000
 -3.2796079e-001  5.4624023e-001  1.0000000e+000
 -3.9457219e-001  7.5524371e-001  1.0000000e+000
 -1.1020199e-001  5.5340223e-001  1.0000000e+000
 -1.6053858e-001  5.7952584e-001  1.0000000e+000
 -1.2474247e-001  3.2366176e-001  1.0000000e+000
 -1.0974277e-001  6.9651470e-001  1.0000000e+000
 -6.8732830e-001  8.0703312e-001  1.0000000e+000
 -3.5837426e-001  8.0726574e-001  1.0000000e+000
 -3.3583652e-001  3.9248238e-001  1.0000000e+000
 -3.2160422e-001  5.9191327e-001  1.0000000e+000
 -9.1546228e-002  5.6248335e-001  1.0000000e+000
 -6.6089088e-001  6.1104902e-001  1.0000000e+000
 -5.6193844e-001  9.0749541e-001  1.0000000e+000
 -2.4443391e-001  4.5136729e-001  1.0000000e+000
 -3.9288546e-001  5.5060475e-001  1.0000000e+000
 -4.2960874e-001  6.4415266e-001  1.0000000e+000
 -9.0462865e-002  5.2225159e-001  1.0000000e+000
 -4.3648464e-001  5.2003936e-001  1.0000000e+000
 -5.1996622e-001  9.4083074e-001  1.0000000e+000
 -4.1839140e-001  1.0112774e+000  1.0000000e+000
 -4.0580780e-001  7.3899907e-001  1.0000000e+000
 -8.5688384e-002  8.4793236e-001  1.0000000e+000
 -2.1034722e-001  4.1669673e-001  1.0000000e+000
 -5.3189666e-001  4.5261856e-001  1.0000000e+000
 -2.9458807e-001  8.4601285e-001  1.0000000e+000
 -9.2753982e-002  6.9308278e-001  1.0000000e+000
 -3.1454993e-001  7.9723671e-001  1.0000000e+000
 -2.6291840e-001  7.8747468e-001  1.0000000e+000
 -3.8981913e-001  5.7988051e-001  1.0000000e+000
 -1.6216317e-001  3.1502140e-001  1.0000000e+000
 -4.1825043e-001  6.8434989e-001  1.0000000e+000
 -3.5653326e-001  8.9602249e-001  1.0000000e+000
 -4.6180017e-001  7.8214297e-001  1.0000000e+000
 -1.4906701e-001  8.3786497e-001  1.0000000e+000
 -3.7662113e-001  5.5320725e-001  1.0000000e+000
 -2.3580756e-001  6.4293757e-001  1.0000000e+000
 -4.3381638e-001  5.6868299e-001  1.0000000e+000
  3.6024610e-003  8.0435297e-001  1.0000000e+000
 -2.8685515e-001  7.1063258e-001  1.0000000e+000
 -4.2406679e-001  9.9487246e-001  1.0000000e+000
 -2.7003000e-001  8.3342715e-001  1.0000000e+000
 -2.3921239e-001  3.7826842e-001  1.0000000e+000
 -2.5530468e-001  8.2210536e-001  1.0000000e+000
 -1.9656941e-001  7.0318268e-001  1.0000000e+000
 -1.2520335e-001  8.4472593e-001  1.0000000e+000
 -3.3835144e-001  6.8096432e-001  1.0000000e+000
 -3.8318441e-001  8.3938381e-001  1.0000000e+000
 -3.9851396e-001  7.5028445e-001  1.0000000e+000
  2.7844709e-002  5.3777018e-001  1.0000000e+000
 -2.9548326e-001  8.4672223e-001  1.0000000e+000
 -5.5298928e-001  7.9481711e-001  1.0000000e+000
 -4.9018380e-003  6.0828241e-001  1.0000000e+000
 -2.9384352e-002  6.1407291e-001  1.0000000e+000
 -4.4469459e-001  7.7904288e-001  1.0000000e+000
 -3.3892812e-001  7.8972599e-001  1.0000000e+000
  1.2219550e-001  7.8447503e-001  1.0000000e+000
 -1.8658499e-001  5.6061487e-001  1.0000000e+000
 -2.9501566e-001  8.4055900e-001  1.0000000e+000
 -1.0263067e-001  6.7593827e-001  1.0000000e+000
 -4.3078569e-001  6.4561785e-001  1.0000000e+000
 -9.9297566e-002  8.9443490e-001  1.0000000e+000
 -9.2641930e-003  1.0125952e+000  1.0000000e+000
 -5.6097365e-001  8.0742310e-001  1.0000000e+000
 -5.3629420e-001  5.2943275e-001  1.0000000e+000
 -5.6329748e-001  6.4638127e-001  1.0000000e+000
 -2.9290209e-001  6.2092455e-001  1.0000000e+000
 -1.0746430e-001  6.1586977e-001  1.0000000e+000
 -2.6121631e-001  6.9964635e-001  1.0000000e+000
 -1.0510072e-001  8.6808586e-001  1.0000000e+000
 -3.6247310e-001  6.8324585e-001  1.0000000e+000
 -5.4822219e-001  7.2673988e-001  1.0000000e+000
 -5.2271705e-001  6.3632441e-001  1.0000000e+000
 -4.0675336e-001  8.5897587e-001  1.0000000e+000
 -2.7214995e-001  1.0097883e+000  1.0000000e+000
 -5.8505372e-002  7.2203772e-001  1.0000000e+000
 -2.8628403e-001  5.6483102e-001  1.0000000e+000
 -1.4564174e-001  5.2778627e-001  1.0000000e+000
 -2.5495157e-001  9.0973513e-001  1.0000000e+000
 -2.0091092e-001  9.1164815e-001  1.0000000e+000
 -3.9776997e-001  3.9811728e-001  1.0000000e+000
 -5.4743608e-001  7.7949579e-001  1.0000000e+000
 -2.3112918e-001  4.9113977e-001  1.0000000e+000
 -4.7389474e-001  6.8246616e-001  1.0000000e+000
 -2.3107519e-001  4.5315725e-001  1.0000000e+000
 -2.6877683e-001  6.7681448e-001  1.0000000e+000
 -1.8088959e-001  8.8046241e-001  1.0000000e+000
 -3.2623791e-001  5.9973409e-001  1.0000000e+000
 -2.5265716e-001  5.7583250e-001  1.0000000e+000
 -2.9496723e-001  7.0761710e-001  1.0000000e+000
 -4.4171474e-001  6.4925839e-001  1.0000000e+000
 -4.3433694e-001  8.5963471e-001  1.0000000e+000
 -8.0950672e-002  6.0836274e-001  1.0000000e+000
 -2.5605667e-001  4.6528013e-001  1.0000000e+000
 -7.6797248e-001  8.1889442e-001  1.0000000e+000
 -2.5092969e-001  8.0776518e-001  1.0000000e+000
 -2.3353151e-001  5.3610745e-001  1.0000000e+000
 -1.6625217e-001  5.7802223e-001  1.0000000e+000
 -3.9938987e-001  9.6198112e-001  1.0000000e+000
 -3.8325705e-001  9.1819674e-001  1.0000000e+000
 -2.4620826e-001  7.2826902e-001  1.0000000e+000
 -1.1287357e-001  8.2568933e-001  1.0000000e+000
 -9.6666032e-002  7.0730680e-001  1.0000000e+000
 -4.5794937e-001  7.0401534e-001  1.0000000e+000
 -2.5500356e-001  5.0425803e-001  1.0000000e+000
 -7.3434667e-002  7.2278361e-001  1.0000000e+000
 -4.0937547e-001  5.2606292e-001  1.0000000e+000
 -3.6334813e-001  8.8171304e-001  1.0000000e+000
 -2.5721777e-001  6.0759776e-001  1.0000000e+000
 -3.4933130e-001  7.0311233e-001  1.0000000e+000
 -1.5188021e-001  4.9288600e-001  1.0000000e+000
 -4.0417136e-001  7.3713955e-001  1.0000000e+000
 -4.6232091e-001  4.2367311e-001  1.0000000e+000
 -5.4614328e-001  8.3522220e-001  1.0000000e+000
 -2.2996294e-001  6.1121882e-001  1.0000000e+000
 -2.4656128e-001  5.5074818e-001  1.0000000e+000
 -3.9263564e-001  3.9690170e-001  1.0000000e+000
 -1.7598307e-001  6.5923613e-001  1.0000000e+000
 -1.6044435e-001  8.5698944e-001  1.0000000e+000
 -3.4123599e-001  5.3642119e-001  1.0000000e+000
 -3.3323368e-001  5.5894555e-001  1.0000000e+000
 -2.7422603e-001  6.7733710e-001  1.0000000e+000
 -3.9421763e-001  1.0849657e+000  1.0000000e+000
 -1.7711092e-001  1.1749909e+000  1.0000000e+000
 -4.0397230e-001  7.0558026e-001  1.0000000e+000
 -3.8704641e-001  6.5449941e-001  1.0000000e+000
 -4.4038573e-002  7.5383948e-001  1.0000000e+000
 -2.7838964e-001  3.4943217e-001  1.0000000e+000
 -2.7224947e-001  2.3462299e-001  1.0000000e+000
 -1.9159227e-001  3.8089860e-001  1.0000000e+000
 -5.9036820e-001  6.9833169e-001  1.0000000e+000
 -3.7418884e-001  8.1924238e-001  1.0000000e+000
 -3.5170359e-001  7.3036151e-001  1.0000000e+000
 -2.8195905e-001  4.6928816e-001  1.0000000e+000
 -7.5194504e-001  8.8521970e-001  1.0000000e+000
 -3.0692990e-001  5.7418252e-001  1.0000000e+000
 -7.6272745e-001  8.9035270e-001  1.0000000e+000
 -5.6444838e-001  7.2960271e-001  1.0000000e+000
  4.0323664e-002  7.7957262e-001  1.0000000e+000
 -4.6218870e-001  9.9886891e-001  1.0000000e+000
 -4.4791577e-001  8.4350021e-001  1.0000000e+000
 -2.1700180e-001  7.9662380e-001  1.0000000e+000
 -1.1250922e-001  6.1190055e-001  1.0000000e+000
 -1.3114978e-001  9.4897561e-001  1.0000000e+000
 -4.0305467e-001  7.8686855e-001  1.0000000e+000
  8.8487080e-003  6.5293381e-001  1.0000000e+000
  9.0647590e-002  6.5431776e-001  1.0000000e+000
 -3.5862093e-001  9.3646248e-001  1.0000000e+000
 -4.4126549e-001  3.2628325e-001  1.0000000e+000
 -4.7984242e-001  7.8808759e-001  1.0000000e+000
 -5.8884382e-001  6.4821463e-001  1.0000000e+000
 -5.6260678e-001  7.5476310e-001  1.0000000e+000
 -5.1427001e-001  3.2431205e-001  1.0000000e+000
 -3.9290511e-001  8.2104160e-001  1.0000000e+000
 -7.5132059e-002  6.8570299e-001  1.0000000e+000
 -1.9683087e-001  7.1411282e-001  1.0000000e+000
 -3.0148167e-001  5.5231353e-001  1.0000000e+000
 -1.8158521e-001  6.5998877e-001  1.0000000e+000
 -1.1437313e-001  7.3687742e-001  1.0000000e+000
 -3.3193659e-001  4.4020952e-001  1.0000000e+000
 -2.6680758e-001  5.4508501e-001  1.0000000e+000
 -4.7510982e-001  9.4748383e-001  1.0000000e+000
 -5.5703797e-001  7.7871957e-001  1.0000000e+000
 -1.9324021e-001  5.7451205e-001  1.0000000e+000
 -2.9348731e-002  8.2960188e-001  1.0000000e+000
 -3.8337653e-001  6.2438559e-001  1.0000000e+000
 -3.5071125e-002  8.1280063e-001  1.0000000e+000
 -6.0506093e-002  7.7216684e-001  1.0000000e+000
 -1.6071093e-001  5.3004214e-001  1.0000000e+000
 -2.1036227e-001  5.6744685e-001  1.0000000e+000
 -2.8327244e-001  7.9883982e-001  1.0000000e+000
 -5.2061353e-001  8.3737256e-001  1.0000000e+000
 -2.6387049e-001  6.8793700e-001  1.0000000e+000
 -6.0226406e-002  6.8822865e-001  1.0000000e+000
 -4.2947367e-001  6.5471794e-001  1.0000000e+000
 -3.2525047e-001  7.9110560e-001  1.0000000e+000
  9.4837102e-002  7.5057291e-001  1.0000000e+000
 -3.2684864e-001  8.2355328e-001  1.0000000e+000
 -5.3763094e-001  8.2706889e-001  1.0000000e+000
 -5.8945817e-001  8.9709621e-001  1.0000000e+000
 -2.5510981e-001  7.3744325e-001  1.0000000e+000
 -3.5072250e-001  7.3964831e-001  1.0000000e+000
 -1.1174517e-001  7.0598753e-001  1.0000000e+000
 -2.1343555e-001  4.6654767e-001  1.0000000e+000
 -2.7251888e-001  6.8348100e-001  1.0000000e+000
 -4.4041410e-001  9.7431780e-001  1.0000000e+000
 -3.0336279e-001  5.7626465e-001  1.0000000e+000
 -2.2120004e-001  9.8788809e-001  1.0000000e+000
 -2.8691456e-001  6.1957818e-001  1.0000000e+000
  9.6845361e-002  5.1167342e-001  1.0000000e+000
 -3.6311083e-001  6.6156245e-001  1.0000000e+000
 -2.1124670e-001  8.1317182e-001  1.0000000e+000
 -2.2205290e-001  6.8608030e-001  1.0000000e+000
 -3.2182833e-001  6.2435751e-001  1.0000000e+000
 -4.7373795e-001  5.0631897e-001  1.0000000e+000
 -2.1279355e-001  7.7469347e-001  1.0000000e+000
  8.4638700e-003  6.1459137e-001  1.0000000e+000
 -2.0569342e-001  6.4491956e-001  1.0000000e+000
 -3.7848660e-001  7.7836122e-001  1.0000000e+000
 -2.2944290e-001  5.9473287e-001  1.0000000e+000
 -1.6270308e-001  9.3099113e-001  1.0000000e+000
 -3.2129691e-001  8.2861091e-001  1.0000000e+000
 -4.0033259e-001  6.8829719e-001  1.0000000e+000
 -3.1205068e-001  6.1849475e-001  1.0000000e+000
 -3.9349153e-002  9.5979072e-001  1.0000000e+000
 -2.7391466e-001  5.9940350e-001  1.0000000e+000
 -3.4856567e-001  6.1260677e-001  1.0000000e+000
 -4.1375832e-001  6.9644900e-001  1.0000000e+000
 -9.8831839e-002  8.5451941e-001  1.0000000e+000
 -2.8769054e-001  8.8330118e-001  1.0000000e+000
 -3.8312410e-001  6.7236763e-001  1.0000000e+000
 -5.6127147e-001  1.0672786e+000  1.0000000e+000
 -1.6643185e-001  8.9715162e-001  1.0000000e+000
 -6.3511472e-001  6.8808739e-001  1.0000000e+000
 -3.3217520e-001  5.0147741e-001  1.0000000e+000
 -4.7480584e-001  7.1121800e-001  1.0000000e+000
 -1.1600439e-001  7.0836399e-001  1.0000000e+000
 -4.7793745e-001  7.0294900e-001  1.0000000e+000
 -1.2681044e-001  9.7140995e-001  1.0000000e+000
 -1.5682258e-001  4.5768728e-001  1.0000000e+000
 -2.9352386e-001  8.5648682e-001  1.0000000e+000
 -1.2961555e-001  8.9181915e-001  1.0000000e+000
 -1.0824231e-001  6.4481442e-001  1.0000000e+000
 -5.0197982e-001  3.7005043e-001  1.0000000e+000
 -1.3810802e-001  6.1292844e-001  1.0000000e+000
 -1.7932273e-001  3.6651739e-001  1.0000000e+000
 -4.5809396e-001  5.7137099e-001  1.0000000e+000
 -2.8565637e-002  4.8650121e-001  1.0000000e+000
 -4.2617558e-001  4.6176547e-001  1.0000000e+000
 -3.1068095e-001  5.4490569e-001  1.0000000e+000
 -1.8024744e-001  8.7633667e-001  1.0000000e+000
 -2.1787054e-001  3.9085698e-001  1.0000000e+000
 -3.1599226e-001  7.3617270e-001  1.0000000e+000
  2.3627690e-001  7.1417974e-001  1.0000000e+000
 -1.8545607e-001  7.0229495e-001  1.0000000e+000
 -2.0306571e-001  3.1791000e-001  1.0000000e+000
 -2.9614271e-001  6.4802659e-001  1.0000000e+000
 -4.4893955e-001  6.5060400e-001  1.0000000e+000
  7.7064746e-002  7.9788409e-001  1.0000000e+000
  3.4024500e-002  7.8821342e-001  1.0000000e+000
 -4.3951907e-001  9.4644654e-001  1.0000000e+000
 -4.7145246e-001  7.0854094e-001  1.0000000e+000
 -2.6382110e-001  5.6577811e-001  1.0000000e+000
 -6.7633352e-001  1.0649985e+000  1.0000000e+000
 -3.9463020e-001  7.3254447e-001  1.0000000e+000
 -3.3469878e-001  6.3831366e-001  1.0000000e+000
  4.3828297e-002  7.8297077e-001  1.0000000e+000
  7.3254562e-002  6.3940561e-001  1.0000000e+000
 -3.5830595e-001  6.3887859e-001  1.0000000e+000
  2.8982465e-001  6.4529770e-001  1.0000000e+000
  4.7914135e-001  7.6927226e-001  1.0000000e+000
  1.8067008e-001  5.1889319e-001  1.0000000e+000
  1.9982583e-001  7.4721682e-001  1.0000000e+000
  7.3524920e-001  8.3302704e-001  1.0000000e+000
  2.4999181e-001  3.5066026e-001  1.0000000e+000
  4.1313789e-001  8.5404455e-001  1.0000000e+000
  5.1858146e-001  3.8636275e-001  1.0000000e+000
  4.6535926e-001  8.5439256e-001  1.0000000e+000
  3.4830928e-001  6.8002475e-001  1.0000000e+000
  1.7478232e-001  5.4442322e-001  1.0000000e+000
  5.4991199e-001  4.7217249e-001  1.0000000e+000
  2.0393428e-001  4.1026339e-001  1.0000000e+000
  3.3864411e-001  1.0283705e+000  1.0000000e+000
  1.6132212e-001  9.5085570e-001  1.0000000e+000
  3.5096131e-001  6.8642765e-001  1.0000000e+000
  9.0257414e-002  8.4699512e-001  1.0000000e+000
  7.6437374e-001  6.1557130e-001  1.0000000e+000
  4.1475700e-001  8.9330672e-001  1.0000000e+000
  6.7936142e-001  6.5975908e-001  1.0000000e+000
  6.4028598e-001  8.0426855e-001  1.0000000e+000
  6.3087604e-001  7.1002859e-001  1.0000000e+000
  3.6637021e-001  7.7254336e-001  1.0000000e+000
  3.1461145e-001  7.5507084e-001  1.0000000e+000
  7.4592406e-001  7.0634577e-001  1.0000000e+000
  4.8976806e-001  6.8419804e-001  1.0000000e+000
  7.5247977e-002  6.2142235e-001  1.0000000e+000
  4.9957314e-001  6.7963212e-001  1.0000000e+000
  3.5040514e-001  4.4398079e-001  1.0000000e+000
  6.3692836e-001  6.0384292e-001  1.0000000e+000
  2.2490892e-001  8.4091792e-001  1.0000000e+000
 -3.2261912e-002  6.5572665e-001  1.0000000e+000
  6.2705219e-001  8.0868870e-001  1.0000000e+000
  2.6334897e-001  4.5543485e-001  1.0000000e+000
  5.2025702e-001  7.6296534e-001  1.0000000e+000
  1.5188252e-001  9.6654414e-001  1.0000000e+000
  9.8482589e-002  5.1732344e-001  1.0000000e+000
  2.0121208e-001  5.4982685e-001  1.0000000e+000
  3.7129820e-001  7.6138994e-001  1.0000000e+000
  4.9776649e-001  7.6907636e-001  1.0000000e+000
  4.0949315e-001  3.0511870e-001  1.0000000e+000
  3.4084981e-001  7.6667774e-001  1.0000000e+000
  3.9167554e-001  4.8977392e-001  1.0000000e+000
  5.1613185e-001  4.1266159e-001  1.0000000e+000
  5.2276061e-001  5.2084542e-001  1.0000000e+000
  4.4635872e-001  8.6977504e-001  1.0000000e+000
  2.2440073e-001  5.5919984e-001  1.0000000e+000
  5.8314963e-001  8.7172856e-001  1.0000000e+000
  4.2018423e-001  7.6854434e-001  1.0000000e+000
  3.4088376e-001  5.8241468e-001  1.0000000e+000
  4.0762635e-001  1.0162746e+000  1.0000000e+000
  2.2680485e-001  9.9735721e-001  1.0000000e+000
  4.6155003e-001  7.2840269e-001  1.0000000e+000
  2.7576211e-001  7.7303912e-001  1.0000000e+000
  3.0476011e-001  4.0506996e-001  1.0000000e+000
  6.3678615e-001  5.2115393e-001  1.0000000e+000
  5.4482079e-001  9.0259815e-001  1.0000000e+000
  8.1609896e-001  6.4324436e-001  1.0000000e+000
  4.5463708e-001  6.2705983e-001  1.0000000e+000
  4.1688652e-001  4.9813944e-001  1.0000000e+000
  5.8581406e-001  4.7285797e-001  1.0000000e+000
  1.5897290e-001  8.7732595e-001  1.0000000e+000
  2.1819712e-001  7.9110319e-001  1.0000000e+000
  4.3671378e-001  5.8237556e-001  1.0000000e+000
  4.6535934e-001  6.1910853e-001  1.0000000e+000
  3.4690175e-001  7.7663949e-001  1.0000000e+000
  5.9920728e-001  6.0569856e-001  1.0000000e+000
  4.6300294e-001  9.7272561e-001  1.0000000e+000
  6.9426379e-001  5.5071086e-001  1.0000000e+000
  1.0002778e+000  6.6924036e-001  1.0000000e+000
  5.0366022e-001  4.5174332e-001  1.0000000e+000
  6.0941901e-001  5.6009800e-001  1.0000000e+000
  3.5292355e-001  6.3953083e-001  1.0000000e+000
  3.1379768e-001  4.2846934e-001  1.0000000e+000
  2.7559385e-001  6.2451085e-001  1.0000000e+000
  3.1031078e-001  7.5781520e-001  1.0000000e+000
  2.0076957e-001  1.0680141e+000  1.0000000e+000
  3.9361139e-001  4.8992209e-001  1.0000000e+000
  2.9328418e-001  5.6453785e-001  1.0000000e+000
  1.5090433e-001  8.7495329e-001  1.0000000e+000
  3.5964848e-001  9.8480031e-001  1.0000000e+000
  4.2543702e-001  6.0520570e-001  1.0000000e+000
  5.5005728e-001  9.5332235e-001  1.0000000e+000
  3.6937778e-001  7.1738376e-001  1.0000000e+000
  4.8382354e-001  7.7640164e-001  1.0000000e+000
  6.6520155e-001  6.0933715e-001  1.0000000e+000
  3.6766268e-001  4.3285759e-001  1.0000000e+000
  6.0365412e-001  4.3920427e-001  1.0000000e+000
  3.6199291e-001  6.0774445e-001  1.0000000e+000
  3.6532031e-001  1.9346596e-001  1.0000000e+000
  5.6558701e-001  7.6637418e-001  1.0000000e+000
  4.5997854e-001  4.2199020e-001  1.0000000e+000
  3.8966245e-001  6.9757357e-001  1.0000000e+000
  6.6202937e-001  5.4508025e-001  1.0000000e+000
  1.9328704e-001  6.6010481e-001  1.0000000e+000
  7.7058113e-001  6.7827695e-001  1.0000000e+000
  5.1772929e-001  7.0944723e-001  1.0000000e+000
  6.6675918e-001  7.3839592e-001  1.0000000e+000
  5.0735760e-001  5.0429182e-001  1.0000000e+000
  7.4897782e-002  7.2662466e-001  1.0000000e+000
  2.6741980e-001  6.6912580e-001  1.0000000e+000
  5.7099850e-001  9.0596167e-001  1.0000000e+000
  2.3407618e-001  6.8085149e-001  1.0000000e+000
  2.0472844e-001  9.1515047e-001  1.0000000e+000
  4.6360087e-001  8.3102254e-001  1.0000000e+000
  5.5169527e-001  8.7753008e-001  1.0000000e+000
  3.7506500e-001  7.0626509e-001  1.0000000e+000
  5.4811304e-001  6.8354227e-001  1.0000000e+000
  4.3641137e-001  5.2394692e-001  1.0000000e+000
  1.7166926e-001  7.0640291e-001  1.0000000e+000
  2.2862817e-001  6.9635897e-001  1.0000000e+000
  2.5817600e-001  7.5001903e-001  1.0000000e+000
  4.2763605e-001  7.2664075e-001  1.0000000e+000
  5.5112913e-001  1.0418444e+000  1.0000000e+000
  3.8235721e-001  4.8558725e-001  1.0000000e+000
  6.2718752e-001  8.5779647e-001  1.0000000e+000
  7.5943038e-001  8.9790371e-001  1.0000000e+000
  3.8596640e-001  6.4909880e-001  1.0000000e+000
  2.1620606e-001  8.8614739e-001  1.0000000e+000
  1.0742193e-001  5.2543706e-001  1.0000000e+000
  4.6661997e-001  6.4930056e-001  1.0000000e+000
  4.8355287e-001  5.1936823e-001  1.0000000e+000
  1.8828816e-001  7.0484931e-001  1.0000000e+000
  1.2311165e-001  6.1894346e-001  1.0000000e+000
  1.4920140e-001  6.7409836e-001  1.0000000e+000
  5.4112544e-001  6.4104895e-001  1.0000000e+000
  7.0758497e-001  1.0489809e+000  1.0000000e+000
  2.5025961e-001  7.3843451e-001  1.0000000e+000
  3.8892931e-001  9.8053883e-001  1.0000000e+000
  1.6355980e-001  7.6882043e-001  1.0000000e+000
  2.9093899e-001  8.5841666e-001  1.0000000e+000
  6.7132666e-001  8.8756989e-001  1.0000000e+000
  4.1964618e-001  8.3330160e-001  1.0000000e+000
  2.9757630e-001  8.1563578e-001  1.0000000e+000
  4.8820535e-001  9.2891252e-001  1.0000000e+000
  2.7495633e-001  6.2294729e-001  1.0000000e+000
  3.6463610e-001  5.5203916e-001  1.0000000e+000
  2.0765563e-002  4.0080148e-001  1.0000000e+000
  5.0358227e-001  4.6240297e-001  1.0000000e+000
  1.2974351e-001  4.7820538e-001  1.0000000e+000
  2.0573768e-001  6.5280037e-001  1.0000000e+000
  4.9166336e-001  9.1902948e-001  1.0000000e+000
  5.4192882e-001  5.9223875e-001  1.0000000e+000
  3.5244826e-001  4.3895447e-001  1.0000000e+000
  3.4054699e-001  6.1058118e-001  1.0000000e+000
  8.7362845e-002  7.2235208e-001  1.0000000e+000
  5.4451043e-001  3.1057094e-001  1.0000000e+000
  4.2683445e-001  6.9751932e-001  1.0000000e+000
  5.0502650e-001  2.0396151e-001  1.0000000e+000
  3.9395224e-001  7.0170924e-001  1.0000000e+000
  3.4121236e-001  4.8782323e-001  1.0000000e+000
  4.4388211e-001  5.1521587e-001  1.0000000e+000
  2.1662380e-001  6.4142328e-001  1.0000000e+000
  3.2542177e-001  5.6500613e-001  1.0000000e+000
  3.3995422e-001  5.0021997e-001  1.0000000e+000
  7.5795340e-001  6.4611363e-001  1.0000000e+000
  1.6651156e-001  6.7563972e-001  1.0000000e+000
  3.9492417e-001  7.9515655e-001  1.0000000e+000
  5.8137327e-001  7.6943478e-001  1.0000000e+000
  4.6945104e-001  6.8661339e-001  1.0000000e+000
  1.8007496e-001  9.1790351e-001  1.0000000e+000
  3.1496073e-001  9.1940680e-001  1.0000000e+000
  7.8147550e-001  1.0748715e+000  1.0000000e+000
  2.6104399e-001  8.8367113e-001  1.0000000e+000
  1.4915118e-001  4.7548500e-001  1.0000000e+000
  2.3637187e-001  9.7583211e-001  1.0000000e+000
  6.4632377e-001  5.2231218e-001  1.0000000e+000
  5.1834787e-001  8.7693616e-001  1.0000000e+000
  8.9471338e-002  6.5866405e-001  1.0000000e+000
  4.9807045e-001  9.0262072e-001  1.0000000e+000
  2.4805955e-001  7.4690683e-001  1.0000000e+000
  5.5019532e-001  7.3729849e-001  1.0000000e+000
  2.8060284e-001  6.0313268e-001  1.0000000e+000
  4.3183442e-001  5.3388774e-001  1.0000000e+000
  2.6779961e-001  6.0369935e-001  1.0000000e+000
  5.0775099e-001  8.2698997e-001  1.0000000e+000
 -6.4478127e-002  8.3407012e-001  1.0000000e+000
  3.4211241e-001  6.6164376e-001  1.0000000e+000
  3.3231398e-001  5.0908377e-001  1.0000000e+000
  6.6501258e-001  8.7851279e-001  1.0000000e+000
  3.8291059e-001  7.4922895e-001  1.0000000e+000
  3.6102756e-001  6.4511193e-001  1.0000000e+000
  5.7198115e-001  7.9421400e-001  1.0000000e+000
  5.3691832e-001  8.9847299e-001  1.0000000e+000
  3.3187267e-001  5.7036793e-001  1.0000000e+000
  4.4037168e-002  4.7664196e-001  1.0000000e+000
  4.1071666e-001  7.9892477e-001  1.0000000e+000
  4.5508378e-001  5.5183117e-001  1.0000000e+000
  4.7459460e-001  8.8994635e-001  1.0000000e+000
  4.1367213e-001  8.6765004e-001  1.0000000e+000
  6.8217144e-001  9.7218236e-001  1.0000000e+000
  4.2535345e-001  5.3531635e-001  1.0000000e+000
  2.6227742e-001  6.3745767e-001  1.0000000e+000
  7.8603440e-003  8.0659846e-001  1.0000000e+000
  3.8099959e-001  6.5358079e-001  1.0000000e+000
  5.3843728e-001  9.0799736e-001  1.0000000e+000
  1.8041547e-001  9.1433489e-001  1.0000000e+000
  2.3706029e-001  7.5250549e-001  1.0000000e+000
  8.2966330e-001  6.9789451e-001  1.0000000e+000
  3.0766495e-001  1.0747024e+000  1.0000000e+000
  2.3984938e-001  7.5398744e-001  1.0000000e+000
  2.7537540e-001  8.0655431e-001  1.0000000e+000
  4.1698479e-001  4.5295342e-001  1.0000000e+000
  4.7649301e-001  8.5847326e-001  1.0000000e+000
  5.6449758e-001  9.1531470e-001  1.0000000e+000
  1.9829517e-001  5.3493455e-001  1.0000000e+000
  2.9419891e-001  3.7410053e-001  1.0000000e+000
  6.8476067e-001  8.9274641e-001  1.0000000e+000
  1.6807514e-001  7.9423066e-001  1.0000000e+000
  5.0276352e-001  7.1212978e-001  1.0000000e+000
  1.2972260e-001  6.9711045e-001  1.0000000e+000
  2.8598306e-001  7.9612188e-001  1.0000000e+000
  9.7239329e-002  6.8115978e-001  1.0000000e+000
  2.1057477e-001  7.9265263e-001  1.0000000e+000
  5.9389699e-001  5.3040711e-001  1.0000000e+000
  3.5883679e-001  6.7140085e-001  1.0000000e+000
  1.9759164e-001  7.1058497e-001  1.0000000e+000
  5.4058718e-001  7.7478045e-001  1.0000000e+000
  1.7510634e-001  6.0939412e-001  1.0000000e+000
  4.4830439e-001  6.6333308e-001  1.0000000e+000
  2.8988069e-001  2.0472150e-001  1.0000000e+000
  3.0013005e-001  9.3482587e-001  1.0000000e+000
  1.5251107e-001  8.5159649e-001  1.0000000e+000
  4.9531748e-001  6.3104676e-001  1.0000000e+000
  7.2423805e-002  6.7866708e-001  1.0000000e+000
  5.0084642e-001  6.8970696e-001  1.0000000e+000
  1.5910471e-001  6.2820642e-001  1.0000000e+000
  7.1030816e-001  7.7780975e-001  1.0000000e+000
  7.5064209e-001  8.2803727e-001  1.0000000e+000
  5.5986886e-001  7.8308125e-001  1.0000000e+000
  4.0080165e-001  7.8616702e-001  1.0000000e+000
  3.5648053e-001  9.1182382e-001  1.0000000e+000
  8.4413227e-001  5.6150971e-001  1.0000000e+000
  4.2633795e-001  7.7743841e-001  1.0000000e+000
  4.6105251e-001  6.1576358e-001  1.0000000e+000
  2.0599721e-001  7.8536991e-001  1.0000000e+000
  1.1861366e-001  8.3264718e-001  1.0000000e+000
  4.4442848e-001  7.4714572e-001  1.0000000e+000
  2.7846745e-001  7.5594387e-001  1.0000000e+000
  3.2968396e-001  7.0452294e-001  1.0000000e+000
  3.3892438e-001  7.3941888e-001  1.0000000e+000
  4.2767482e-001  9.6258930e-001  1.0000000e+000
  3.2416998e-001  8.0841085e-001  1.0000000e+000
  5.2648606e-001  8.5642714e-001  1.0000000e+000
  6.6485778e-001  7.7395408e-001  1.0000000e+000
  3.2767542e-001  6.0801375e-001  1.0000000e+000
  2.4758956e-001  2.7927035e-001  1.0000000e+000
  4.1851456e-001  1.0441572e+000  1.0000000e+000
  2.3231452e-001  8.1964284e-001  1.0000000e+000
  7.6204097e-001  5.7321846e-001  1.0000000e+000
